[array([0.066859, 0.68851 ]), array([0.814405, 0.968605]), array([0.421662, 0.361859, 0.505996]), array([0.410884, 0.448224, 0.38438 , 0.451683]), array([0.310243, 0.852426, 1.      , 0.971167]), array([0.323679, 0.300736, 0.482502, 0.805974, 0.052555]), array([0.015433, 0.415328, 0.316848, 0.162604, 0.338125, 0.745718]), array([0.      , 0.159996, 0.      , 0.012595, 0.88427 , 0.305523,
       0.      , 0.41985 ])]
[array([0.877326, 0.423089]), array([0.399009, 0.818195]), array([0.316736, 0.644393, 0.337894]), array([0.055746, 0.22828 , 0.255897, 0.421071]), array([0.896466, 0.575875, 0.09799 , 0.283942]), array([0.433211, 0.913991, 0.657352, 0.180938, 0.65417 ]), array([0.965093, 0.072233, 0.065702, 0.241341, 0.181701, 0.038221]), array([0.323089, 0.261653, 0.407091, 0.729861, 0.003503, 0.310031,
       0.812041, 0.896292])]
[array([0.009556, 0.999918]), array([0.97823 , 0.003413]), array([0.995654, 0.078387, 0.993206]), array([0.961773, 0.926209, 0.994592, 0.909303]), array([0.032651, 0.909614, 0.990106, 0.946957]), array([0.797394, 0.044636, 0.040215, 0.978688, 0.30582 ]), array([0.069132, 0.549675, 0.893122, 0.98775 , 0.850382, 0.939875]), array([0.900953, 0.893341, 0.97957 , 0.410823, 0.927334, 0.897938,
       0.02036 , 0.052076])]
[array([0.028872, 1.      ]), array([0.955331, 0.001673]), array([0.992097, 0.067374, 0.975576]), array([0.961943, 0.938351, 1.      , 0.902278]), array([0.010065, 0.902878, 0.995016, 0.939627]), array([0.788772, 0.037728, 0.033951, 0.959999, 0.314198]), array([0.046481, 0.529228, 0.875521, 1.      , 0.826492, 0.937951]), array([0.883017, 0.893446, 0.967498, 0.424951, 0.907135, 0.889902,
       0.036251, 0.057695])]
[array([0., 1.]), array([0.576828, 0.00559 ]), array([0.994414, 0.155934, 0.577175]), array([0.049333, 0.556906, 0.959505, 0.776867]), array([0.987195, 0.014819, 0.712247, 0.095264]), array([0.873108, 0.012525, 0.855522, 0.635516, 0.192955]), array([0.262767, 0.000976, 0.006989, 0.14099 , 0.270575, 0.082587]), array([0.118005, 0.031473, 0.921936, 0.975123, 0.023717, 0.180215,
       0.356369, 0.976873])]
[array([0.993196, 0.236731]), array([0.746869, 0.909159]), array([0.985814, 0.053477, 0.93155 ]), array([0.383818, 0.917165, 0.96379 , 0.9131  ]), array([0.88881 , 0.995762, 0.026609, 0.99075 ]), array([0.378911, 0.882068, 0.759052, 0.134395, 0.086026]), array([0.864091, 0.848365, 0.929388, 0.818808, 0.967149, 0.272394]), array([0.979302, 0.982246, 0.950224, 0.112368, 0.959742, 0.068926,
       0.610885, 0.465713])]
[array([0.981883, 0.985424]), array([0.001392, 0.013445]), array([0.106361, 0.005307, 0.014003]), array([0.087355, 0.991686, 0.011086, 0.236646]), array([0.087355, 0.991686, 0.011086, 0.236646]), array([0.026631, 0.948409, 0.132831, 0.010055, 0.156747]), array([0.017131, 0.942951, 0.828456, 0.905636, 0.106394, 0.01046 ]), array([1.      , 0.999912, 1.      , 0.165952, 0.794611, 0.053157,
       0.654926, 0.349128])]
[array([0.525077, 0.917667]), array([0.44637 , 0.494934]), array([0.953166, 0.397032, 0.256989]), array([0.100347, 0.81543 , 0.052306, 0.091887]), array([0.318415, 0.929234, 0.434503, 0.019737]), array([0.317192, 0.604213, 0.369984, 0.725351, 0.683665]), array([0.582632, 0.330345, 0.67207 , 0.544367, 0.776977, 0.275198]), array([0.147139, 0.028788, 0.457741, 0.95661 , 0.799926, 0.643331,
       0.390367, 0.003097])]
[array([0.953531, 0.428438]), array([0.991014, 0.993377]), array([0.967517, 0.015643, 0.961475]), array([0.062593, 0.014843, 0.90342 , 0.059318]), array([0.907623, 0.010499, 0.100778, 0.029622]), array([0.015846, 0.974338, 0.091127, 0.786588, 0.876977]), array([0.023468, 0.991862, 0.096059, 0.163216, 0.322099, 0.760238]), array([0.023482, 0.857907, 0.929733, 0.101186, 0.853463, 0.742896,
       0.006869, 0.119686])]
[array([0.029147, 0.99866 ]), array([0.979379, 0.003688]), array([0.062352, 0.057412, 0.985938]), array([0.991794, 0.024781, 0.303036, 0.940555]), array([0.297147, 0.052856, 0.994784, 0.032253]), array([0.996326, 0.454797, 0.547773, 0.513762, 0.813782]), array([0.976033, 0.139154, 0.245163, 0.642974, 0.961764, 0.016505]), array([0.032278, 0.002855, 0.479149, 0.084938, 0.295732, 0.931248,
       0.91419 , 0.042213])]
[array([0.022673, 1.      ]), array([1.      , 0.029139]), array([0.100087, 0.065378, 0.939144]), array([1.      , 0.072412, 0.256252, 0.911751]), array([0.322713, 0.021805, 1.      , 0.03691 ]), array([1.      , 0.481913, 0.565045, 0.55424 , 0.820485]), array([0.940625, 0.174487, 0.221504, 0.628544, 0.915761, 0.02475 ]), array([0.043793, 0.      , 0.466563, 0.041257, 0.253216, 0.928034,
       0.881853, 0.      ])]
[array([0.031022, 1.      ]), array([0.994451, 0.037147]), array([0.096906, 0.059706, 0.94883 ]), array([0.996037, 0.069145, 0.249906, 0.918938]), array([0.321851, 0.012022, 0.99356 , 0.029325]), array([0.993441, 0.489645, 0.566121, 0.555629, 0.823518]), array([0.941707, 0.183437, 0.226144, 0.619484, 0.91634 , 0.016007]), array([0.050628, 0.002878, 0.465484, 0.032545, 0.256795, 0.920726,
       0.879649, 0.      ])]