[array([0.066859, 0.68851 ]), array([0.814405, 0.968605]), array([0.421662, 0.361859, 0.505996]), array([0.410884, 0.448224, 0.38438 , 0.451683]), array([0.310243, 0.852426, 1.      , 0.971167]), array([0.323679, 0.300736, 0.482502, 0.805974, 0.052555]), array([0.015433, 0.415328, 0.316848, 0.162604, 0.338125, 0.745718]), array([0.      , 0.159996, 0.      , 0.012595, 0.88427 , 0.305523,
       0.      , 0.41985 ])]
[array([0.877326, 0.423089]), array([0.399009, 0.818195]), array([0.316736, 0.644393, 0.337894]), array([0.055746, 0.22828 , 0.255897, 0.421071]), array([0.896466, 0.575875, 0.09799 , 0.283942]), array([0.433211, 0.913991, 0.657352, 0.180938, 0.65417 ]), array([0.965093, 0.072233, 0.065702, 0.241341, 0.181701, 0.038221]), array([0.323089, 0.261653, 0.407091, 0.729861, 0.003503, 0.310031,
       0.812041, 0.896292])]
[array([0.009556, 0.999918]), array([0.97823 , 0.003413]), array([0.995654, 0.078387, 0.993206]), array([0.961773, 0.926209, 0.994592, 0.909303]), array([0.032651, 0.909614, 0.990106, 0.946957]), array([0.797394, 0.044636, 0.040215, 0.978688, 0.30582 ]), array([0.069132, 0.549675, 0.893122, 0.98775 , 0.850382, 0.939875]), array([0.900953, 0.893341, 0.97957 , 0.410823, 0.927334, 0.897938,
       0.02036 , 0.052076])]
[array([0.028872, 1.      ]), array([0.955331, 0.001673]), array([0.992097, 0.067374, 0.975576]), array([0.961943, 0.938351, 1.      , 0.902278]), array([0.010065, 0.902878, 0.995016, 0.939627]), array([0.788772, 0.037728, 0.033951, 0.959999, 0.314198]), array([0.046481, 0.529228, 0.875521, 1.      , 0.826492, 0.937951]), array([0.883017, 0.893446, 0.967498, 0.424951, 0.907135, 0.889902,
       0.036251, 0.057695])]
[array([0., 1.]), array([0.576828, 0.00559 ]), array([0.994414, 0.155934, 0.577175]), array([0.049333, 0.556906, 0.959505, 0.776867]), array([0.987195, 0.014819, 0.712247, 0.095264]), array([0.873108, 0.012525, 0.855522, 0.635516, 0.192955]), array([0.262767, 0.000976, 0.006989, 0.14099 , 0.270575, 0.082587]), array([0.118005, 0.031473, 0.921936, 0.975123, 0.023717, 0.180215,
       0.356369, 0.976873])]
[array([0.993196, 0.236731]), array([0.746869, 0.909159]), array([0.985814, 0.053477, 0.93155 ]), array([0.383818, 0.917165, 0.96379 , 0.9131  ]), array([0.88881 , 0.995762, 0.026609, 0.99075 ]), array([0.378911, 0.882068, 0.759052, 0.134395, 0.086026]), array([0.864091, 0.848365, 0.929388, 0.818808, 0.967149, 0.272394]), array([0.979302, 0.982246, 0.950224, 0.112368, 0.959742, 0.068926,
       0.610885, 0.465713])]